,ExperimentID,AverageDuration,AverageTimeLoss,AverageWaitingTime,AverageQueueLength,AverageQueueLengthExp,maxDuration,maxTimeLoss,maxWaitingTime,maxQueueLength,maxQueueLengthExp,95thPercentileLength,95thPercentileLengthExp
0,4063.0,177.305,75.8881999999999,48.687,7.976401024405121,8.717516320176976,361.0,235.57,172.0,43.52,43.77,21.0,21.0
1,4064.0,173.09799999999998,73.80356999999991,47.547,7.917056250479728,8.613886117719451,380.0,236.53,187.0,43.61,44.32,21.0,21.0
2,4065.0,175.489,74.7088599999999,47.828,7.914353570704157,8.65545217082594,357.0,219.84,159.0,43.64,51.3,21.0,21.0
3,4066.0,182.49400000000003,81.30346500000007,50.2545,10.73200834653416,12.065210795663168,413.0,263.69,197.0,88.52,88.52,28.5,29.04
4,4067.0,184.365,83.00624000000006,51.7,10.44524743446924,11.725727684581583,437.0,279.75,203.0,295.88,111.07,28.5,28.54
5,4068.0,182.415,82.30266500000012,51.0695,10.906809779640124,12.290131275421214,418.0,289.85,219.0,118.53,118.97,28.5,28.62
6,4069.0,183.2752,83.45266399999996,51.018,11.739860312561138,13.352741269536047,444.0,288.21,192.0,149.21,134.94,28.54,36.01
7,4070.0,187.5988,86.62392799999986,52.9228,12.10656008428512,13.841019662102365,424.0,276.91,202.0,118.51,118.54,36.01,36.02
8,4071.0,175.489,74.7088599999999,47.828,7.914353570704157,8.65545217082594,357.0,219.84,159.0,43.64,51.3,21.0,21.0
9,4072.0,195.175,94.33941666666678,56.714,13.922636599038306,16.244135610259956,472.0,343.82,223.0,295.87,142.46,43.51,45.755
10,4073.0,195.23533333333333,94.5538533333334,57.44533333333333,13.837610830529366,16.09427145385746,464.0,326.27,224.0,295.86,141.83,43.51,43.53
11,4074.0,192.236,91.94265666666655,55.66,13.927813661685754,16.065004632784778,522.0,369.86,252.0,295.85,137.91,42.655,43.52
12,4075.0,204.3302857142857,103.34000285714315,63.048857142857145,15.983845449917295,18.646400215102698,527.0,384.11,279.0,171.11,141.81,50.24500000000001,51.465
13,4076.0,208.97885714285718,107.95267428571407,65.53,16.612932101930138,19.462907337242147,619.0,479.61,323.0,295.81,143.6,51.01,58.58
14,4077.0,215.29457142857143,113.29824571428551,69.55085714285714,17.09329054612451,19.896294298232654,619.0,462.25,341.0,295.82,141.13,51.05,58.56
15,4078.0,244.34400000000002,142.03412500000027,87.0725,21.90140951027524,25.47736206579832,871.0,716.0,434.0,295.81,146.83,80.955,81.04
16,4079.0,245.95225,143.62441999999987,88.927,22.642626660214876,26.071191599712357,665.0,530.6,360.0,295.86,144.17,81.01,81.68
17,4080.0,230.31125,129.21625499999982,80.09625,20.978404947125338,24.130453998332342,797.0,679.32,511.0,295.89,144.17,72.68,73.51
18,4081.0,360.4738,255.468928,168.9774,39.59449710605747,41.468743702080495,1827.0,1617.03,1284.0,358.78,299.42,162.69,133.695
19,4082.0,366.477,261.1562399999997,175.925,39.03681215206179,40.27900175647604,1694.0,1558.81,1143.0,295.9,226.97,156.02,133.53
20,4083.0,367.8532,263.3510739999999,182.9064,39.2553643576514,40.52810562619249,1635.0,1488.77,1169.0,295.85,231.18,171.02,134.165
mean,4073.0,221.34240702947847,119.81315921541946,76.22420941043084,17.259042585542588,19.156238560139258,681.0952380952381,536.5066666666668,392.04761904761904,211.11761904761906,133.5338095238095,59.06690476190476,56.25047619047618
max,4083.0,367.8532,263.3510739999999,182.9064,39.59449710605747,41.468743702080495,1827.0,1617.03,1284.0,358.78,299.42,171.02,134.165
