,ExperimentID,AverageDuration,AverageTimeLoss,AverageWaitingTime,AverageQueueLength,AverageQueueLengthExp,maxDuration,maxTimeLoss,maxWaitingTime,maxQueueLength,maxQueueLengthExp,95thPercentileLength,95thPercentileLengthExp
0,4042.0,133.19299999999998,31.931499999999986,10.578,5.794292920507907,7.087314315533104,238.0,101.26,67.0,36.02,36.6,13.5,13.51
1,4043.0,128.184,29.081779999999984,9.217,5.613954851949563,6.874583211179487,233.0,93.05,63.0,29.94,29.29,13.5,13.51
2,4044.0,131.07399999999998,30.44031,10.017000000000001,5.623019770696045,6.855519545003117,261.0,115.69,89.0,30.0,28.86,13.5,13.51
3,4045.0,142.5675,41.482719999999965,16.825,7.0018012500790086,8.506832502052017,333.0,218.05,172.0,43.55,51.3,13.55,21.0
4,4046.0,143.6685,42.44582999999989,17.39,7.120402699105577,8.593970037453339,288.0,147.99,111.0,295.85,58.79,13.56,21.0
5,4047.0,141.744,41.78807499999999,17.366,7.233750431968986,8.706679966070965,368.0,230.98,180.0,392.66,59.48,21.0,21.0
6,4048.0,145.284,45.56988800000003,19.4528,7.817542939495118,9.446237862357648,318.0,191.26,135.0,295.81,59.18,21.0,21.04
7,4049.0,148.454,47.59095200000008,20.9708,8.242534021801736,9.949900172117372,371.0,235.63,173.0,58.52,72.69,21.0,21.235
8,4050.0,131.042,30.424019999999985,9.974,5.71774807762724,6.950606920541867,244.0,95.38,65.0,29.96,37.02,13.5,13.51
9,4051.0,154.65433333333334,54.064539999999965,24.896,9.347084279228485,11.400537563848381,355.0,226.35,155.0,126.05,133.42,21.09,28.51
10,4052.0,153.59966666666668,53.10830666666679,24.05366666666667,9.312768786761069,11.33100317831503,374.0,196.43,150.0,103.58,103.84,28.5,28.52
11,4053.0,152.83100000000002,52.660640000000036,24.388333333333332,9.160087467200098,10.994497777619697,360.0,220.73,169.0,103.53,103.93,21.67,28.5
12,4054.0,169.91514285714285,68.89771142857134,35.954,12.798051902126687,15.1171146443983,502.0,383.62,314.0,295.86,141.76,40.24,43.66
13,4055.0,165.42085714285713,64.66394571428577,32.50942857142857,11.68194740513467,14.060708286831336,430.0,285.59,226.0,295.86,143.74,36.01,36.34
14,4056.0,172.13571428571427,70.32545142857151,36.30114285714286,12.480527464724753,15.010574017333768,443.0,329.5,239.0,392.63,140.57,36.05,43.53
15,4057.0,198.54625,96.85065000000007,56.33,18.580925022117395,21.508039856396614,614.0,488.58,402.0,295.9,142.1,66.01,66.35
16,4058.0,198.1735,96.25576,56.165,18.443776580755944,21.17982232522683,723.0,581.09,482.0,295.83,143.59,66.01,66.03
17,4059.0,202.391,101.18823249999993,60.73075,20.02018839840976,22.597004361271267,613.0,507.83,402.0,392.61,144.11,73.52,73.51
18,4060.0,914.5658,801.4926579999999,711.2326,71.72353892985275,63.119404713267315,8836.0,8702.63,8399.0,392.7,299.5,185.13,141.02
19,4061.0,552.4278,444.6692459999999,371.0502,62.307104555621294,57.258215188433674,2515.0,2396.31,2260.0,392.7,299.58,178.53,141.02
20,4062.0,379.83099999999996,274.79776599999985,208.9436,46.5642733550251,45.72747077874007,2286.0,2152.88,1942.0,313.57,299.34,178.52,140.12
mean,4052.0,221.89062210884353,119.98714203514737,84.4926343537415,17.26596767191377,18.20362082019006,985.952380952381,852.420476190476,771.1904761904761,219.67285714285714,120.41380952380953,51.209047619047624,47.44880952380952
max,4062.0,914.5658,801.4926579999999,711.2326,71.72353892985275,63.119404713267315,8836.0,8702.63,8399.0,392.7,299.58,185.13,141.02
